0 346 446 39
1 284 269 446 170
2 391 364 368
3 7 381 446
4 498 216 485
5 77 199 499 278 177 447
6 100 434 414 135 280 461
7 280 461 135 414 107 100
8 107 100 461 135 280 434
9 107 461 280 135 100 414
10 170 541 30
11 100 461 414 294 107 280
12 434 135 280 461 294 414
13 454 548 511
14 247 170 177
15 100 107 294 280 414 461
16 294 280 461 107 434 414
17 100 434 135 280 294 414
18 252 21 327 569 375 568 83 269
19 122 22 466
20 252 318 467
21 100 434 107
22 135 100 434 107 280 461
23 288 407 450
24 434 414 294 100 280 107
25 463 11 543
26 107 414 461 294 100 135
27 135 294 107 461 280 414
28 41 465 115
29 515 420 271 25
30 107 135 461 414 280 294
31 224 252 284
32 434 461 414 294 280 135
33 30 210 524
34 305 252 568 313
35 135 294 107 414 461 100
36 107 294 280 461 434 100
37 248 341 177 293
38 159 280 294 100 135 414
39 441 72 460
40 100 135 434 294 414 107
41 30 446 83
42 107 414 280 461 100 434
43 271 158 341
44 248 438 347 188 541 271
45 447 128 110
46 408 551 525
47 128 568 248
48 508 138 463
49 414 294 461 100 135 107
50 107 294 100 461 434 135
51 427 149 403
52 491 237 312
53 376 299 116
54 546 515 408
55 324 117 485
56 107 280 135 461 434 100
57 535 294 461 100 135 414
58 414 107 434 294 100 135
59 305 41 398
60 61 27 208
61 379 186 411
62 294 107 434
63 107 461 280 414 100 294
64 331 252 158
65 441 24 505
66 571 24 422
67 40 100 294 461 280 107 135
68 465 503 571
69 327 375 188
70 100 280 461 414 294 434
71 294 135 434 461 100 414
72 107 461 294 280 100 414
73 414 461 434 100 135 107
74 347 83 327
75 233 158 83
76 280 135 414 461 100 434
77 280 414 434 100 107 461
78 434 107 461 294 135 414
79 446 83 341 248
80 358 557 196
81 310 412 9
82 149 515 61
83 414 294 100 107 434 280
84 149 248 341 233
85 100 294 135
86 499 248 347
87 100 414 294 107 135 434
88 485 498 216
89 174 228 305
90 294 100 280 107 135 434
91 255 248 83
92 486 335 558
93 143 465 72 41
94 347 341 126 49 30 158
95 149 284 347
96 271 215 120
97 434 414 294 107 461 280
98 494 347 418
99 294 135 280 100 461 434
100 100 434 414 107 294 461
101 280 434 107 294 135 100
102 348 192 397
103 490 191 446 39 447
104 150 524 347 208
105 135 294 107 280 461 100
106 107 280 294 414 461 100
107 414 100 461 294 280 107
108 107 100 414 461 280 135
109 294 434 414 280 135 461
110 171 312 237
111 146 454 511 529
112 198 178 84
113 100 107 135 294 280 461
114 312 237 129
115 100 294 461 434 280 414
116 280 107 100 461 434 135
117 571 0 24
118 61 391 458 151
119 100 461 107 414 294 280
120 375 341 446 233 391
121 107 461 135 294 414 100
122 503 458 445
123 305 284 149
124 418 248 341
125 34 427 137 188 510 391 516
126 541 30 133 126
127 41 465 88
128 280 294 414 434 100 135
129 542 146 181
130 461 294 107 100 135 414
131 100 107 280 294 135 414
132 434 294 107 414 100 135
133 563 523 0
134 107 100 280 461 294 135
135 107 280 100 461 434 294
136 107 294 100 461 280 135
137 176 5 442
138 461 100 107 414 280 434
139 294 107 135 100 434 414
140 100 135 280 434 461 414
141 41 548 465
142 28 305 367
143 461 135 414 107 280 434
144 461 280 100 414 434 294
145 434 294 414 107 135 461
146 248 83 188 252
147 84 507 55
148 428 296 456 342
149 107 434 461 414 294 100
150 461 107 135 280 414 100
151 414 280 100 461 107 294
152 280 414 107 461 100 434
153 62 383 553
154 536 20 478
155 163 513 572
156 100 294 434 461 280 135
157 434 280 100 107 414 135
158 154 440 507
159 135 100 294 461 107 280
160 248 128 347
161 434 294 414 280 100 461
162 530 465 41
163 32 10 133
164 571 110 126
165 558 246 77
166 233 149 375
167 110 341 331
168 434 461 135 280 107 414
169 294 100 107 414 434 461
170 294 414 107 135 461 434
171 414 100 280 135 107 434
172 398 454 207
173 11 463 557
174 280 294 100 107 461 434
175 107 461 135 434 280 414
176 487 89 457 348
177 135 280 107 461 294 414
178 559 106 237
179 414 100 107 135 461 294
180 461 434 294 414 135 280
181 7 260 303
182 559 312 237
183 202 161 41 465
184 461 434 280 135 100 414
185 461 100 434 280 135 107
186 410 126 201
187 414 280 294 107 100 434
188 340 372 115
189 294 461 100 434 135 280
190 177 252 198
191 100 414 280 461 434 107
192 294 100 107 414 434 280
193 454 68 503
194 248 269 158 447 233 191
195 461 135 414 100 280 434
196 107 414 135 294 434 280
197 39 507 170
198 100 294 414 434 280 461
199 280 135 461 107 100 294
200 461 107 414 294 135 100
201 280 414 107 135 434 100
202 189 558 465
203 135 461 434 294 414 107
204 294 107 135 280 461 434
205 280 100 461 434 414 107
206 294 100 414 135 280 107
207 434 461 280 107 100 294
208 460 16 274
209 414 294 100 461 280 434
210 305 240 79
211 322 104 79
212 465 70 168 0
213 434 461 414 280 135 294
214 107 414 280 294 461 434
215 414 280 434 107 100 135
216 280 135 434 107 294 414
217 57 347 93
218 107 461 294 135 280 414
219 450 407 237
220 128 447 296
221 294 434 280 461 107 135
222 475 135 294 434 280 107
223 294 414 107 280 100 434
224 100 461 434 107 414 135
225 392 571 210 126 137 84 145 191
226 572 290 564
227 436 128 581
228 107 414 294 135 100 461
229 249 280 434 414 461 135
230 164 315 143
231 107 434 135 294 461 280
232 138 508 261
233 110 137 427
234 100 434 294 461 107 280
235 542 334 448
236 135 107 100 461 280 434
237 107 135 461 294 280 434
238 391 375 569
239 47 70 204
240 135 461 294 100 107
241 64 348 187
242 476 252 233
243 146 284 402
244 414 294 434 461 280 135
245 172 327 34
246 34 149 447
247 461 294 280 100 107 414
248 294 434 100 107 461 135
249 166 437 60
250 126 569 541
251 479 84 312
252 193 310 82
253 188 547 126 347
254 107 434 100 294
255 107 100 280 414 135 461
256 299 190 232
257 30 447 378
258 529 181 312
259 121 96 460
260 497 453 519
261 135 294 100 280 434 461
262 107 414 294 280 434 461
263 557 358 405
264 502 61 271
265 7 430 511
266 135 414 107 294 461 434
267 446 103 347 39
268 100 107 414 294 135 461
269 434 280 461 135 294 100
270 135 100 461 107 280 414 434
271 109 133 455
272 110 198 34
273 557 358 23
274 434 294 107 414 100 461
275 100 414 280 461 135 294
276 341 110 233 296
277 100 461 107 135 280 294
278 107 434 414 294 135 100
279 280 434 100 107 461 294
280 19 559 312
281 577 271 215
282 541 198 170
283 41 465 237
284 100 280 107 461 414 135
285 347 564 539
286 135 100 434 461 107 294
287 107 135 100 294 414 280
288 86 417 263
289 202 137 188 507 149
290 100 434 135 280 294 107
291 107 434 414 461 100 294
292 120 507 421
293 237 559 312
294 343 14 358
295 348 213 103
296 280 434 414 294 107 100
297 446 137 507
298 233 341 83
299 372 551 207
300 107 294 135 414 100 280
301 575 132 347
302 575 271 282
303 180 149 566
304 582 323 296
305 153 57 99
306 280 107 100 461 434 294
307 135 414 280 294 100 434
308 511 372 77
309 461 434 414 100 135 294
310 41 122 465
311 499 494 375
312 155 315 74
313 274 372 77
314 237 1 312
315 272 270 143
316 150 158 403
317 414 100 280 294 135 107
318 133 564 391
319 115 372 353
320 130 77 22
321 296 582 507 170 418
322 118 226 554
323 328 8 258
324 511 77 302
325 100 461 294 135 280 107
326 188 198 284
327 7 169 465 41
328 100 107 414 461 280 135
329 280 100 461 434 294 135
330 280 100 107 135 461 294
331 135 434 107
332 434 107 414 461 280 294
333 237 312 498
334 107 135 434 461 294 280
335 387 346 178
336 135 100 107 294 414 280
337 161 0 257
338 142 549 209
339 107 294 100 414 280 135
340 341 233 375
341 36 465 41
342 135 280 434 461 100 294
343 434 100 414 107 280 135
344 16 557 358
345 248 177 110
346 100 280 434 414 107 461
347 135 100 461 434 280 294
348 294 461 434 135 107 280
349 107 294 434 461 135 100
350 535 100 280 135 414 434
351 209 98 322
352 469 140 360
353 7 372 202
354 396 149 177
355 107 135 414 434 280 461
356 294 434 414 100 135 461
357 182 574 484
358 465 41 77
359 107 294 461 434 280 135
360 100 461 135 434 294 414
361 280 414 100 107 294 461
362 280 135 100 294 107 434
363 107 294 414 135 434 280
364 107 414 461 294 280 434
365 135 461 107 280 294 434
366 375 278 341
367 461 100 434
368 280 294 414 100 461 107
369 114 368 449
370 138 508 490
371 377 434 100 414 461 280
372 107 461 135 280 414 434
373 107 294 414 135 280 100
374 434 414 461 100 280 135
375 461 414 280 294 100 434
376 465 274 133
377 280 434 294 414 107 100
378 41 465 505
379 201 359 561
380 126 55 447 30
381 253 346 476
382 100 107 280 434 294 135
383 540 207 465
384 237 312 472
385 294 434 461 280 135
386 294 107 280 100 434 414
387 380 100 294 461
388 294 434 280 107 461 414
389 280 414 294 434 107 135
390 434 294 135 414 107 280
391 45 152 522
392 447 375 248
393 173 473 565
394 198 381 61
395 135 434 107 100 414 294
396 80 395 420 271 326
397 294 461 280 100 107 135
398 312 237 265
399 461 280 414 294 100 434
400 322 318 133 391
401 404 282 61
402 294 135 100 414 434 280
403 135 107 294 434 461 100
404 527 67 25
405 294 414 461 434 100 280
406 100 414 280 434 135 461
407 535 434 100 461 135 294
408 434 461 294 280 414 135
409 400 502 290
410 22 451 569
411 461 135 100 107 280 434
412 559 237 312
413 434 280 100 294 135 461
414 41 465 315
415 107 461 100 280 135 414
416 211 418 181
417 280 107 294 461 414 135
418 294 434 135 461 414 100
419 434 294 100 414 280 461
420 414 461 280 135 100 434
421 107 135 100 461
422 11 463 263
423 461 294 135 434 107 414
424 422 443 284
425 474 128 446 447
426 146 293 73
427 414 107 280 461 100 135
428 391 61 120
429 135 461 107 414 100 294
430 301 218 463
431 466 268 348
432 172 35 400
433 135 294 434 100 414 107
434 294 280 434 135 107 414
435 294 280 434 107 100 135
436 76 85 447
437 280 100 461 294 107 135
438 414 461 434 135 280 100
439 434 294 414 280 135 107
440 486 446 312
441 107 434 280 461 294
442 562 349 557
443 92 146 288
444 499 158 446 347 83
445 133 66 128
446 132 572 98
447 37 524 467
448 294 280 100 434 135 414
449 280 135 461 294
450 77 465 41
451 446 252 284 34 128
452 294 100 434 280 107 461
453 457 434 100 461 135 414
454 242 512 17
455 465 41 217
456 436 568 396
457 107 294 135 434 100 280
458 158 347 446
459 177 39 110 347
460 434 280 294 100 414 135
461 557 358 237
462 125 77 372
463 128 188 327
464 0 372 505
465 414 461 107 434 100 135
466 315 548 41
467 373 83 85
468 284 110 494 499 347
469 280 294 100 107 135 461
470 461 414 434 135 107 280
471 100 280 107 434 461 294
472 100 461 294 107 135 280
473 434 107 294 461 135 280
474 107 280 434 294 100 135
475 107 434 100 414 280 294
476 465 41 306
477 414 100 107 135 280 434
478 341 252 126
479 530 398 505
480 461 100 294 135 414 280
481 434 461 100 414 135 107
482 501 433 575
483 123 309 358
484 294 100 414 461 434 135
485 41 465 464
486 158 248 418
487 285 332 329
488 251 312 237
489 198 84 55
490 434 414 294 107 100 135
491 406 240 77 446 233 39
492 434 414 461 107 280 100
493 294 461 434 280 107 100
494 447 446 568
495 280 107 434 135 100 461
496 294 280 107 414 461 434
497 536 311 457
498 502 150 420
499 427 158 507
500 100 461 414 280 107 135
501 217 304 144
502 100 107 294 280 414 135
503 177 499 149
504 149 61 499 248
505 248 127 128
506 83 347 248 341
507 409 93 560
508 280 107 461 414 294 434
509 433 199 250
510 575 61 564
511 252 507 126
512 465 441 530
513 122 7 466
514 278 233 499
515 146 271 80
516 139 63 462
517 523 202 465
518 231 15 397
519 294 461 107 414 434 280
520 198 421 418
521 135 461 107 434 294 280
522 135 434 414 294 280 461
523 414 461 280 107 434 135
524 488 536 550
525 107 414 135 461 280 100
526 124 401 25
527 361 248 499
528 274 246 204
529 295 52 479
530 461 107 414 434 294 280
531 350 53 199
532 135 280 461 100 414 107
533 294 280 107 100 434 135
534 199 564 79
535 280 135 100 434 461 294
536 135 107 294 280 100 461
537 352 483 482
538 407 554 275
539 434 107 135 414 461 280
540 441 465 41
541 294 135 461 434 100 280
542 307 110 375
543 100 414 434 461 280 107
544 264 48 393
545 198 327 149
546 294 107 414 461 434 100
547 434 414 107 135 280 461
548 100 434 294 280 107 414
549 95 543 287
550 461 434 107 100 135 414
551 267 223 560
552 414 135 280 434 461 294
553 434 107 280 294 100 461
554 146 434 461 414 107 294
555 414 107 434 294 461 100
556 294 461 434 100 280 135
557 280 135 107 414 461 100
558 572 506 198
559 461 434 100 107 135 280
560 177 418 278
561 424 363 385
562 465 367 41
563 580 296 279
564 569 128 191 446
565 434 100 135 107 414 461
566 434 294 107 461 135 280
567 460 207 96
568 100 107 294 434 280 414
569 136 400 58
570 207 505 357
571 414 280 100 107 434
572 278 499 29
573 302 484 533
574 504 493 237
575 294 100 434 107 461 135
576 149 252 569 375
577 434 135 294 280 100 107
578 280 434 107 414 135 294
579 434 135 414 294 100 461
580 280 135 461 414 294 107
581 400 135 461 294 434 107
582 461 280 135 294 100 434
583 419 55 507 235
584 375 298 535
585 431 569 61
586 251 281 295
587 434 461 135 414 294 100
588 135 100 280 107 461 414
589 31 547 128 177 248 499
590 414 434 107 461 100 294
591 348 83 199
592 319 284 392
593 434 414 107 294 280 100
594 461 414 434 280 107 294
595 414 280 107 434 135 100
596 278 375 290 446 447 568
597 100 280 434 294 107 461
598 294 280 461 414 434 100
599 326 178 283
600 312 237 472
601 294 100 280 434 107 461
602 294 461 107 414 280 135
603 347 233 252
604 280 434 461 100 107 294
605 461 100 294 414 107 434
606 294 461 100 135 414 280
607 552 386 518
608 434 414 135 294 280 107
609 135 280 414 107 461 294
610 100 107 294 461 280 414
611 379 407 42
612 41 441 465
613 107 280 461 414 135 294
614 341 278 200
615 83 158 421 252 177
616 294 107 461 280 135 414
617 396 250 441
618 135 294 280 434 107 100
619 341 347 71
620 107 280 100 135 414 434
621 294 434 414 135 280 461
622 539 120 575
623 294 135 280 100 434 107
624 294 280 100 414 434 135
625 198 499 149
626 294 135 107 280 461 434
627 280 414 135 294 107 100
628 461 135 100 280 414 107
629 421 569 198
630 135 434 294 107 461 100
631 271 65 20
632 220 499 158
633 107 280 100 414 461 434
634 122 421 282
635 107 100 461 135 294 414
636 413 547 126
637 391 501 564
638 337 503 222
639 333 577 400
640 444 298 367 479 192 330
641 567 450 497
642 135 107 461 100 280 294
643 434 294 414 135 280 100
644 461 107 100 280 414 434
645 434 135 107
646 434 461 414 294 135 107
647 302 505 443
648 414 135 461 280 100 107
649 143 175 503 454
650 266 213 578
651 261 41 465
652 280 434 135 414 294 107
653 149 447 347
654 107 414 100 294 135 280
655 434 135 280 294 414 100
656 355 41 465
657 135 294 280 100 414 434
658 509 312 237 140
659 294 414 461 100 107 135
660 434 461 280 100 107 414
661 177 507 547
662 511 465 41
663 322 43 426
664 100 294 461 280 434 414
665 237 312 416
666 294 461 100 434
667 414 280 107 135 434 100
668 422 169 412
669 100 414 434 107 461 294
670 41 571 465
671 418 198 248
672 414 135 461 107 280 100
673 67 163 494 323
674 461 135 100 414 294 107
675 369 336 277
676 461 100 414 280 294 135
677 100 461 135 434 294 107
678 74 559 365
679 280 434 294 100 135 461
680 461 434 135 100 107 414
681 234 447 128
682 461 434 414 107 280 135
683 294 100 107 434 135 280
684 135 414 294 461 280 100
685 434 107 414 100 280 461
686 110 447 305 128
687 571 293 72
688 434 461 100 135 280 414
689 373 502 477
690 100 135 414 294 107 280
691 294 100 135 461 280 434
692 222 68 289 400 418 399
693 41 430 465
694 511 372 202
695 135 100 280 461 434 294
696 414 280 294 434 100 135
697 280 100 414 434 461 135
698 294 434 107 461 414 280
699 83 170 199 499 233 158
700 135 280 100 414 294 461
701 7 505 41
702 54 284 205
703 262 57 39
704 100 434 280 294 461 414
705 100 461 107 280 135 414
706 177 278 248
707 204 185 188 83
708 143 441 454
709 100 107 280 135 414 434
710 435 173 394 245 425
711 135 100 434 461
712 351 396 538 347 446 229
713 494 83 177
714 434 294 414 100 280 461
715 294 107 434 461 280 414
716 169 284 126 149 55
717 135 107 100 414 461 434
718 199 137 531
719 138 508 423
720 284 149 198 61 238 341 30 248
721 135 107 461 294 434 414
722 135 280 100 107 414 294
723 414 107 135 100 461 294
724 461 100 135 434 280 414
725 233 499 347 341 446
726 188 446 252
727 100 280 461 434 107
728 390 534 44
729 280 135 107 294 100 414
730 135 280 414 107 294 434
731 461 100 434 414 294 107
732 107 100 461 434 280 135
733 375 30 446 126 188 191
734 156 334 305
735 294 135 414 100 107 461
736 414 135 100 294 107 434
737 100 434 461 280 107 414
738 497 453 6
739 280 434 107 461 135 100
740 107 434 461 294 100 280
741 494 446 233 252
742 434 294 280 414 461 107
743 107 294 135 100 280 434
744 107 461 280 434 414 135
745 107 280 461 434 135 294
746 107 135 434 461 100 280
747 471 415 143
748 280 294 135 107 461 434
749 135 434 107 100 280
750 461 107 135 294 100 434
751 579 183 59
752 434 107 135 461 414 280
753 358 557 498
754 135 414 294 100 280 107
755 252 34 547
756 541 199 83
757 135 100 294 434
758 461 414 280 434 135 100
759 280 414 100 135 107 294
760 294 414 100 107 461 434
761 361 107 461 294 135 414
762 107 100 414 135 434 294
763 414 107 135 461 434 100
764 366 453 12
765 41 454 465 367
766 414 107 461 100 280 135
767 446 229 347
768 204 465 454
769 428 309 582
770 280 414 100 135 461 107
771 135 280 461 100 434 414
