0 269 12 477
1 404 28 421
2 376 287 91
3 125 281 348 315 402 384
4 125 137 315 169 281 384
5 57 413 99
6 402 125 281 315 137 348
7 315 169 384 281 402 125
8 281 348 137 402 169 125
9 348 402 315 125 384 137
10 171 407 366
11 55 117 405
12 384 281 315 137 348 402
13 136 503 444
14 530 489 133
15 225 348 125 169
16 399 415 152
17 169 137 348 281 384 315
18 315 125 402 384 137 281
19 264 366 407 247
20 402 384 281 125 348 315
21 411 423 160
22 472 306 37
23 389 121 261
24 402 281 348 137 384 125
25 112 346 441 353
26 384 137 281 169 348 402
27 348 315 137
28 348 125 169 315 281 384
29 125 348 384 169 315 402
30 281 348 169 125 137 402
31 112 539 410
32 137 169 402 125 384 348
33 560 346 43
34 90 288 404
35 348 281 137 315 169 125
36 281 402 169 384 125 137
37 180 536 399
38 410 441 488 309 19 261
39 170 139 39
40 533 197 531
41 348 315 125 281 137 384
42 201 470 37 472
43 384 169 315 402 281 348
44 365 566 60
45 39 117 553
46 281 137 169 384 125 315
47 346 331 144
48 13 553 117
49 330 242 374
50 169 315 281 402 348 384
51 35 64 58
52 209 121 33 514 144
53 348 137 281 315 125 402
54 169 402 348 281 384 137
55 125 315 402 169 384 348
56 137 125 281 169 315 348
57 462 566 256
58 402 348 125 169 137 281
59 125 281 315 137 348 402
60 64 58 109
61 402 384 125 348 281 137
62 137 402 169 125 281 315
63 288 28 404
64 380 407 393
65 44 188 541
66 346 441 405 12
67 438 81 358
68 37 268 581
69 402 315 125 137 169 348
70 436 290 54
71 578 276 321
72 346 117 243 121
73 315 281 169 402 125 348
74 324 152 514
75 137 125 348 169 315 402
76 571 197 457
77 245 375 351
78 315 125 281 384 169 137
79 137 402 348 125 384 281
80 404 423 103 188
81 343 64 56
82 169 348 315 384 125 137
83 125 169 315 402 137 281
84 404 288 400
85 281 315 137 169 402 348
86 81 406 204
87 137 281 348 384 169 315
88 402 125 137 384 169 348
89 324 539 457 144
90 125 281 137 384 169 315
91 312 520 322
92 384 348 281 125 402 137
93 556 334 441
94 125 315 384 402 281 169
95 281 125 384 315 348 402
96 269 64 154
97 432 91 368
98 281 315 137 125 402 348
99 96 557 316
100 178 553 354
101 144 440 346
102 153 291 285
103 402 169 137 315 125 281
104 315 169 281 348 137 384
105 545 54 290
106 384 169 137 315 348 402
107 352 515 462
108 457 288 202
109 75 175 95
110 323 231 258
111 488 149 13
112 500 450 232
113 535 375 267
114 402 169 315 125 384 137
115 190 272 484
116 315 281 348 137 384 402
117 288 490 404
118 169 315 137 348 402 384
119 506 267 54
120 281 137 348 169 315 402
121 384 125 315 169 281 402
122 169 137 402 125 348 315
123 348 137 384 169 281 402
124 125 348 137 315 402 281
125 446 473 453
126 39 418 496
127 112 128 43 346
128 28 404 288
129 281 125 384 348 169 137
130 169 137 384 125 402 348
131 404 360 288
132 169 315 125 384 402 281
133 169 125 402 315 137 384
134 125 402 348 384 315 281
135 402 384 137 125 169 315
136 402 169 125 348 137
137 555 451 317
138 125 169 137 384 315 281
139 348 137 125 169 281 384
140 134 399 206
141 169 402 348 137 281 315
142 125 137 169 281 402 384
143 384 348 137 402 169 125
144 364 206 233
145 155 488 280
146 39 482 4
147 281 402 384 169 348 315
148 107 292 11
149 577 315 348 384 169 281
150 545 369 54
151 348 384 281 315 402 169
152 336 283 444
153 384 315 137 169 348 125
154 217 83 119
155 189 294 51
156 288 404 16
157 315 348 402 137 384 169
158 282 108 355
159 281 384 137 169 348 315
160 129 30 50
161 384 137 315 125 169 348
162 125 384 137 281 348 315
163 125 169 348 315
164 278 392 212
165 84 149 128
166 137 125 315 169 402 348
167 163 506 267
168 315 281 348 125 402 169
169 516 462 161
170 476 354 28
171 315 137 384 169 281 125
172 402 281 169 348 384 137
173 365 117 529
174 137 384 125 281 315 169
175 74 329 451
176 169 315 402 348 137 384
177 169 281 384 125 348 315
178 566 128 64
179 137 315 384 169 348 125
180 288 237 404
181 315 384 169 348 281 402
182 315 169 402 281 137 384
183 281 315 125 348 402 169
184 340 553 43 334 405 539
185 125 315 137 169 384 281
186 288 404 509
187 137 169 348 281 402 384
188 497 446 236
189 410 353 121
190 169 137 402 281 384 348
191 212 175 460
192 402 281 137 169 125 384
193 339 540 404
194 315 125 137 384 348 169
195 404 68 451
196 288 404 54
197 55 410 431
198 302 461 457
199 454 22 513
200 28 140 557
201 117 410 346 441
202 169 348 125 402 384 281
203 281 402 348 125 137 315
204 348 169 384 281 137 402
205 125 402 169 315 348 281
206 425 39 195
207 116 38 481
208 288 404 417
209 137 348 281 384 402 169
210 348 137 281 125 402 384
211 315 125 384 281 402 137
212 341 101 70
213 348 402 384 125 137 281
214 169 384 281 125 348 315
215 141 121 353
216 184 511 455 2 474
217 315 169 125 281 384 402
218 315 125 384 281 348 169
219 402 348 169 137 281 384 315
220 498 261 528
221 125 402 315 169 348 384
222 321 36 340
223 324 142 337
224 498 244 410 333
225 553 420 379
226 384 281 137 315 402 348
227 346 144 410
228 137 348 169 402 125 384
229 384 125 169 348 402 137
230 137 348 169 402 281 315
231 137 348 384 169 281 402
232 125 315 281 137 169 384
233 94 121 33
234 137 125 402 315 348 281
235 13 152 393
236 137 125 348 384 281 402
237 384 125 348 169 281 315
238 152 311 431
239 422 403 489
240 137 125 384 402 315 281
241 288 404 248
242 410 117 567
243 169 384 315 281 137 125
244 137 169 281 315 384 402
245 348 125 384 315 281 169
246 125 384 348 137 169 315
247 251 177 99
248 125 384 169 315 348 281
249 348 315 281 125 169 384
250 42 404 288
251 532 393 405
252 137 384 281 169 348 315
253 224 315 348 169 402 125
254 441 353 556
255 245 22 156 263
256 26 159 209
257 315 384 169 137 281 348
258 176 126 447
259 348 137 125 315 281 384
260 348 169 402 315 125 137
261 315 137 384 348 281 169
262 348 384 315 137 169 125
263 112 121 149 556
264 125 348 402 169 281 315
265 122 476 382 410 209 238
266 384 281 137 402 315 348
267 112 104 128
268 243 494 488 410
269 514 112 539
270 125 348 137 384 315 281
271 128 341 268 401
272 137 402 169 384 281 125
273 384 402 169 281 348 137
274 444 52 327
275 169 402 384 348 281 315
276 137 315 169 125 348 281
277 169 315 348 137 402 281
278 243 209 121
279 348 281 137 169 384 402
280 125 169 315 281 137 348
281 137 402 315 169 348 281
282 404 288 176
283 384 281 125 315 348 402
284 384 137 402 348 169 125
285 441 324 353 22
286 54 290 82
287 348 169 125 402 281 137
288 137 315 384 125 402 348
289 240 397 355
290 319 104 428
291 169 402 348 384 125 137
292 281 384 315 348 137 169
293 467 144 576
294 125 315 384 348 402 169
295 125 315 348 137 169 402
296 335 196 501
297 45 92 132
298 578 209 290
299 315 384 125 348 281 137
300 467 440 476
301 441 410 87
302 169 348 315 281 402 137
303 55 209 353 121
304 125 169 348 315 402 281
305 580 332 553
306 348 315 384 137 125 169
307 348 169 137 384 125 281
308 315 402 281 169 125 384
309 559 114 168
310 405 431 334
311 359 288 404
312 125 137 384 169 315 348
313 348 402 281 315 169 384
314 340 404 288
315 522 410 177
316 281 384 402 125 137 348
317 348 315 384 402 281 169
318 169 348 384 281 125 402
319 125 402 281 348 315 137
320 459 215 453 39
321 553 142 102
322 539 144 324
323 315 348 384 137 281 402
324 137 125 384 402 281 348
325 457 121 440 414
326 503 136 59
327 233 123 307
328 533 269 483
329 281 125 348 137 169 315
330 353 441 117
331 402 348 125 315
332 402 348 315 169
333 539 209 440
334 402 348 315 137 281 169
335 341 128 109
336 345 40 129
337 125 281 348 384 315 402
338 405 380 324 410
339 20 522 380
340 402 281 315 169 348 125
341 427 144 209 539
342 343 128 420
343 315 384 125 137 169 281
344 125 169 137 384 281 402
345 315 281 125 348 384 402
346 209 142 407
347 212 175 32
348 137 281 315 125 348 402
349 47 316 33
350 33 324 55 43 410
351 539 556 346
352 402 315 137
353 550 552 16
354 54 290 38
355 337 261 407
356 315 384 137 402 281 169
357 281 384 348 402 169 137
358 137 348 281 169 125 402
359 187 35 462
360 22 351 407 393 431
361 169 348 125 384 137 315
362 64 261 441
363 348 125 402
364 280 214 546
365 315 125 384 402 281 348
366 324 441 389
367 269 315 169 384 137 125
368 112 33 410
369 169 315 384 348 402 125
370 299 298 116
371 137 169 402 281 384 315
372 169 137 384 315 125 281
373 446 260 27
374 384 125 348 137 315 281
375 117 393 553 43 353 261
376 384 169 315 348 402 137
377 281 402 315 137 125 384
378 402 137 348 384 169 315
379 154 235 24 64 432
380 506 267 395
381 233 487 451 341
382 315 169 348 402 281 384
383 315 384 402 125 281 137
384 348 137 384 125 402 169
385 201 404 398 288
386 261 410 209
387 137 384 169 125 281 315
388 334 43 69
389 169 281 402 125 348 315
390 527 419 267
391 137 402 315 169 125 281
392 117 261 311 121 405
393 125 137 402 348 315 384
394 393 13 19
395 348 137 281 402 384 315
396 288 404 557
397 38 481 116
398 421 404 288
399 353 261 117
400 281 315 125 384 137 348
401 281 402 348 315 169 125
402 218 111 127
403 348 137 402 125 281 169
404 402 281 384 137 125 315
405 281 402 169 137 348 125
406 43 55 556
407 52 444 374
408 404 37 237
409 402 281 348 384 125 169
410 402 315 384 125 281 169
411 137 169 125 281 348 384
412 402 125 281 348 384 315
413 405 121 152
414 315 137 281 125 348 169
415 125 402 384 348 137 169
416 351 241 22
417 125 348 281 315 137 169
418 334 556 256 209 539 440
419 348 169 137 281 402 384
420 188 552 557
421 125 169 315 348 281 402
422 315 137 169 125 402 384
423 402 348 281 169 315 125
424 392 530 54
425 402 137 348 169 281 315
426 128 34 333
427 384 169 281 137 315 402
428 384 348 281 402 137 315
429 97 203 378
430 152 567 112
431 281 315 402 384 125 137
432 402 281 169 348 315 384
433 96 73 523
434 137 169 281 402 348 384
435 19 539 10
436 42 552 540
437 499 494 488
438 149 144 266 209
439 451 420 341
440 281 315 348 137 169 125
441 453 315 348 169 402 384
442 53 163 68
443 233 367 379
444 491 340 279
445 391 191 4
446 281 402 137 125 348 384
447 540 142 243 407 112
448 390 431 483
449 381 306 86 462 431 78
450 410 420 284
451 480 529 539
452 125 348 281 137 402 315
453 270 79 145
454 545 290 54
455 315 384 125 137 348 402
456 315 125 384 137 402 169
457 125 137 402 281 169 315
458 125 348 315 137 169 402
459 281 169 402 384 137 348
460 85 335 18
461 348 281 315 384 137 169
462 384 348 137 402 281 315
463 540 44 288 404
464 269 472 42 6
465 334 353 43
466 348 281 169 384 125 315
467 281 402 137 384 169 348
468 353 43 410 441 209
469 279 574 149
470 402 125 315 348 384 137
471 185 269 357
472 511 147 430
473 137 348 384 402 315 125
474 13 19 451 488
475 281 125 348 137 402 169
476 169 125 281 348 137 384
477 431 346 441
478 402 137 169 348 281 125
479 341 556 149
480 158 522 318
481 64 72 260
482 348 137 125 281 384 169
483 405 334 346
484 315 169 384 125 281 402
485 556 105 224
486 152 91 171
487 348 315 402 281 125 137
488 25 383 371
489 564 551 385
490 284 109 343
491 269 33 493
492 189 530 77
493 399 256 420
494 402 348 137 125 384 281
495 441 334 46
496 357 530 392
497 346 466 261 539 353 266
498 542 512 54
499 567 556 243
500 315 125 384 348 281 169
501 125 315 169 281 402
502 131 545 290
503 488 366 539 19
504 29 253 340 209 353 380
505 137 125 169 315 281 402
506 281 384 348 402 137 125
507 121 407 488
508 348 315 402 281 125 384
509 261 346 431
510 137 169 281 384 348 125
511 169 125 137 348 402 384
512 525 545 293
513 315 137 402 169 384 281
514 137 402 348 169
515 509 475 288
516 356 33 49
517 137 384 402 169 281 348
518 125 384 137 402 169 315
519 19 572 244
520 568 244 409
521 169 348 315
522 169 402 384 137 281 315
523 26 362 478
524 237 324 488
525 125 348 315 281 137 169
526 125 315 384 281 402 169
527 534 219 569
528 169 348 402 315 281 384
529 402 348 281 137 169 384
530 137 281 169 315 402 125
531 348 137 125 281 384 402
532 490 26 170
533 121 514 494
534 384 281 348 137 315
535 346 405 324
536 281 348 169 315 384 137
537 125 402 281 348 169 315
538 179 54 290
539 387 557 524
540 137 348 169 315 281 402
541 137 315 402 125 169 281
542 428 88 543
543 169 384 315 402 137 281
544 315 137 125 169 402 281
545 315 169 384 125 402 137
546 457 33 112
547 121 487 409
548 267 506 38
549 169 348 137 384 281 315
550 202 472 387
551 137 315 281 169 125
552 137 281 169 384 402 125
553 281 315 169 348 137 125
554 288 472 404 360
555 125 348 137 384 315 169
556 402 348 169 315 281 125
557 348 281 315 125 137 169
558 281 402 169 125
559 503 136 194
560 315 169 348 384 402 137
561 286 198 407
562 416 321 404
563 315 402 137
564 28 398 53
565 384 137 315 125 348 402
566 26 557 288
567 183 327 274
568 160 404 472
569 402 384 125 169 281 348
570 281 125 402 137 169 315
571 230 457 360
572 157 539 144
573 249 124 364
574 570 340 552
575 405 43 112
576 125 348 384 402 281 137
577 476 112 405
578 348 384 281 169 402 125
579 169 384 281 315 402 348
580 384 137 169 348 281 402
581 479 76 73
582 346 5 410 243 13 64
583 216 402 125 315 281 137
584 16 552 164
585 137 125 402 384 348 281
586 209 238 410
587 52 444 506
588 352 567 514
589 315 402 125 281 348 137
590 315 384 137 125 281 348
591 237 188 140
592 137 384 125 402 348 169
593 402 137 125 315 169 348
594 554 373 205
595 54 290 565
596 137 384 348 125 402 281
597 125 169 348 402 384 281
598 281 348 169 315 125 402
599 125 281 169 384 315 348
600 402 125 348 281 315 169
601 397 180 55 241
602 137 402 384 315 281 169
603 125 169 281 348 137 402
604 451 182 144
605 384 402 348 125 137 315
606 137 281 402 169 315 348
607 315 402 281 125 384 348
608 33 112 152 128 17 441 19 346
609 243 152 33
610 224 348 281 402 384 315
611 402 315 137 348 384 125
612 47 320 406
613 209 117 441 346
614 326 178 343
615 19 209 117
616 80 324 556
617 384 137 402 169 315 348
618 313 43 261
619 61 56 128
620 125 281 137 348 315 402
621 26 471 42
622 143 537 201
623 348 169 125 137 402 281
624 566 498 24
625 43 261 209 410 117
626 337 112 528
627 255 105 360 50 482 151
628 152 43 112
629 388 509 201
630 120 494 144 405 346 43
631 125 281 315 402 137 384
632 404 288 340
633 50 171 290
634 137 169 402 315 281 384
635 315 169 402 384 125 348
636 556 19 209 488 243 266
637 563 281 125 348 402 384
638 169 315 384 137 281 402
639 42 340 96
640 277 509 525
641 315 402 384 125 348 169
642 343 134 410
643 348 315 125 169 137 281
644 121 297 567 149 556 440 117 466
645 402 137 125 281 348 169
646 353 112 556
647 421 202 557
648 224 125 169 348 402 384
649 281 315 384 125 137 348
650 315 137 402 384 169 281
651 348 169 315 137 384 402
652 33 466 209 393
653 441 121 488
654 431 152 346
655 348 384 281 169 315 137
656 405 407 494
657 311 149 152
658 137 281 348 169 315 125
659 348 125 315 169 281 402
660 384 281 348 169 137 125
661 552 88 387
662 281 137 348 169 315 125
663 54 227 290
664 538 437 201
665 402 125 137 281 169 348
666 201 28 472
667 290 54 565
668 457 253 379
669 288 471 404
670 408 112 138
671 462 402 169 125 315 137
672 490 311 56
673 68 552 340
674 402 169 137 384 348 125
675 137 384 281 125 169 315
676 490 279 170
677 348 169 384 125 137 281
678 288 475 404
679 384 402 281 315 169 125
680 315 125 137 384 348 402
681 14 339 188
682 169 281 348 384 315 125
683 125 281 169 137 315 384
684 402 137 169 125 315 384
685 137 125 348 169 281 402
686 104 24 64 355
687 125 137 281 348 315 384
688 348 315 169 281 137 384
689 53 387 210
690 402 125 137 169 281 384
691 223 281 315 384 169 402
692 548 348 125 169 281 137 402
693 560 137 169 125 402 384
694 348 125 169 281 315 384
695 472 475 42
696 160 526 243 117
697 43 346 410
698 281 384 348 137 125 169
699 281 384 125 315 137 402
700 348 384 125 137 402 315
701 125 315 281 169 137 402
702 42 552 340
703 320 33 488 112 366
704 137 169 125 402 281 384
705 281 348 384 315 169 402
706 348 281 169 315 137
707 194 266 209 380 539
708 304 418 106
709 125 384 169 348 137 402
710 152 171 366
711 506 267 342
712 486 387 404
713 137 315 348 125
714 315 125 137 169 402 281
715 109 407 311
716 402 315 137 348 281
717 287 209 380
718 200 237 572 488 142 171 443 266
719 514 337 142 243 208 341 492
720 137 281 348 402 384 315
721 137 125 402 348 281 315
722 237 12 398
723 144 243 567
724 26 320 404 288
725 6 483 290
726 137 384 402 125 315 281
727 281 137 125 169 384 402
728 137 315 348 384 281 125
729 209 496 410 380
730 503 136 90
731 348 384 315 169 281 137
732 290 54 275
733 315 125 348 384 281 169
734 315 169 281 137 348 125
735 250 287 141
736 348 169 137 402 281 125
737 281 384 137 402 315 348
738 267 506 456
739 144 539 22
740 305 346 117
741 348 169 402 315 125 384
742 402 281 384 137 169 125
743 137 281 125 384 169 348
744 181 210 53
745 372 172 506
746 125 137 315
747 402 348 315 169 137 125
748 125 402 137 281 169 315
749 152 159 128
750 137 384 169 125 348 402
751 402 169 137 281 125 315
752 252 404 288
753 384 281 125 137 348 315
754 384 169 281 402 348 315
755 290 54 502
756 345 290 54
757 325 37 381
758 384 348 169 125 281 137
759 137 315 169 384 125 348
760 281 315 137 384 402 125
761 234 290 54 114
762 26 552 540
763 68 36 160
764 237 140 47
765 341 326 420
766 54 545 290
767 199 33 200
768 281 137 315 402 348 169
769 463 70 118
770 384 402 169 137 281 348
771 556 441 209 353 341
